"","<2m","2-3m","4-5m","6-7m","8-9m","10-11m","1Y","2-4Y","5-9Y","10-19Y","20-39Y","40-64Y","65-74Y","75+Y"
"<2m",0.064,0.064,0.064,0.064,0.064,0.064,0.384,1.152,0.406666666666667,0.371083333333333,1.50466666666667,0.752333333333333,0.157583333333333,0.068625
"2-3m",0.064,0.064,0.064,0.064,0.064,0.064,0.384,1.152,0.406666666666667,0.371083333333333,1.50466666666667,0.752333333333333,0.157583333333333,0.068625
"4-5m",0.064,0.064,0.064,0.064,0.064,0.064,0.384,1.152,0.406666666666667,0.371083333333333,1.50466666666667,0.752333333333333,0.157583333333333,0.068625
"6-7m",0.064,0.064,0.064,0.064,0.064,0.064,0.384,1.152,0.406666666666667,0.371083333333333,1.50466666666667,0.752333333333333,0.157583333333333,0.068625
"8-9m",0.064,0.064,0.064,0.064,0.064,0.064,0.384,1.152,0.406666666666667,0.371083333333333,1.50466666666667,0.752333333333333,0.157583333333333,0.068625
"10-11m",0.064,0.064,0.064,0.064,0.064,0.064,0.384,1.152,0.406666666666667,0.371083333333333,1.50466666666667,0.752333333333333,0.157583333333333,0.068625
"1Y",0.384,0.384,0.384,0.384,0.384,0.384,0.384,1.152,0.406666666666667,0.371083333333333,1.50466666666667,0.752333333333333,0.157583333333333,0.068625
"2-4Y",1.152,1.152,1.152,1.152,1.152,1.152,1.152,1.152,0.406666666666667,0.371083333333333,1.50466666666667,0.752333333333333,0.157583333333333,0.068625
"5-9Y",0.406666666666667,0.406666666666667,0.406666666666667,0.406666666666667,0.406666666666667,0.406666666666667,0.406666666666667,0.406666666666667,6.64,1.735,3.355,2.23,0.47,0.175
"10-19Y",0.371083333333333,0.371083333333333,0.371083333333333,0.371083333333333,0.371083333333333,0.371083333333333,0.371083333333333,0.371083333333333,1.735,8.055,2.7275,2.7925,0.62,0.3175
"20-39Y",1.50466666666667,1.50466666666667,1.50466666666667,1.50466666666667,1.50466666666667,1.50466666666667,1.50466666666667,1.50466666666667,3.355,2.7275,4.9075,3.715,0.705,0.2625
"40-64Y",0.752333333333333,0.752333333333333,0.752333333333333,0.752333333333333,0.752333333333333,0.752333333333333,0.752333333333333,0.752333333333333,2.23,2.7925,3.715,4.228,1.068,0.581
"65-74Y",0.157583333333333,0.157583333333333,0.157583333333333,0.157583333333333,0.157583333333333,0.157583333333333,0.157583333333333,0.157583333333333,0.47,0.62,0.705,1.068,1.755,1.07
"75+Y",0.068625,0.068625,0.068625,0.068625,0.068625,0.068625,0.068625,0.068625,0.175,0.3175,0.2625,0.581,1.07,1.47
